40093
1275
49622
44616
23508
57185
20311
3425
19514
25991
63732
38887
28450
12602
63327
65260
45159
18834
61077
37512
31346
52367
27032
29507
470
14659
60675
2180
27467
13458
16538
15383
4249
28592
4664
17014
27945
40662
22696
26322
11854
54507
21176
18424
42814
50699
51554
45470
29304
21346
29229
11060
25411
50873
15509
64468
28416
32761
47451
45323
55522
49798
6229
48567
28713
18576
55324
64978
62116
18140
52685
28067
53332
24821
45451
11492
25194
31757
41323
39691
48496
29281
51085
32663
17628
61995
27730
29160
2797
42492
39512
7748
25700
31048
10819
19332
20618
65315
38837
15473
58756
53970
41565
60341
41828
7753
9484
53090
51119
12849
7270
3065
44046
29119
59008
60543
12026
29425
57215
57352
47518
36293
42157
21358
56375
41737
10873
20932
46837
24993
6600
40393
37481
22
28970
52399
38070
17310
32307
3259
27020
52888
60781
37687
53157
23096
58311
62229
14378
33408
64956
49810
14451
48345
20077
18561
20038
34989
24210
23543
1818
49893
65463
2282
46453
41243
1775
58465
37215
23540
39584
41299
2890
8674
21428
28221
45342
63619
39846
53669
54376
43852
14536
10914
1126
32383
8406
6444
55252
52644
25112
61943
46744
352
9352
63944
43875
57721
35318
36393
28429
31173
7395
7206
7006
56193
52598
62160
22253
33991
26987
42331
32949
13655
29350
63982
58691
18287
5917
56534
27225
7351
26603
44571
17783
61192
19187
38779
14240
64255
48839
42318
47547
60213
4552
47946
25275
3851
34774
29089
20494
60169
27641
38152
17328
17346
49354
47017
40421
55944
10806
42919
1372
42462
30896
3158
64421
39504
39017
4988
24421
56261
59853
22121
58992
61257
669
45429
26928
51852
3027
4592
50173
13474
55120
34017
33588
9057
3138
32361
16749
44671
35230
13443
58700
60685
11833
29280
60267
63507
23839
53742
55766
15682
52740
18883
27384
60435
62592
21627
3779
15832
43052
9778
1969
37550
54045
54086
44785
19022
3809
33539
44414
5264
292
47118
10075
27149
27629
61649
47339
28300
43287
56028
38163
44117
18590
42681
15002
42471
54439
46288
55818
62175
6220
31149
14229
35201
26172
40574
16387
34937
11623
46196
43383
41013
3000
23727
25175
31047
37942
15686
42651
49474
11822
5244
53340
610
2485
28700
10201
63375
53674
7695
31618
38648
59444
5916
22150
48405
61257
4989
36239
59704
44716
62650
10923
20435
4911
59281
46214
7577
47846
25986
26298
56832
61215
50800
19235
53082
59883
47510
43818
35704
8654
117
1518
54590
5477
2132
29126
56961
43557
17830
63068
50655
53197
27329
15773
63084
23823
1702
50813
4907
21670
48018
12749
2756
15252
58891
2345
13525
23838
13831
36523
5609
46671
50023
23469
49624
27848
36578
18940
14949
49794
3977
57197
35149
13647
27962
5177
26199
9307
51112
17149
45882
58204
31470
41499
62639
31019
43917
11161
45599
33290
40684
65253
36912
23465
246
20759
22096
9627
21935
300
26722
29551
31915
1948
42110
14672
34437
47375
56553
24666
47131
17353
10481
8088
42648
54306
8188
14724
61550
24354
24906
20216
29889
32893
62683
50914
43611
980
32485
14683
7074
19886
39816
46045
15428
45106
13346
38574
4496
59275
12081
47205
11858
13191
30519
7932
41027
19479
14574
7494
54935
24335
9541
23396
39006
19189
64737
4052
38270
59193
14554
63657
22338
45615
5066
61487
40192
6785
55081
61745
61369
35122
14239
9388
15209
42128
53122
63399
63602
8281
50627
1071
14505
3425
18663
50860
15710
34916
24027
6265
62326
1439
16844
23868
21333
15012
12398
20670
37318
55939
13912
47796
55214
22490
1216
48131
50770
40149
47528
24734
63387
59635
47528
2585
25407
40941
3847
48052
46462
64043
2358
24883
12301
63169
55298
39108
17545
15943
41857
3431
16244
32363
48346
62802
48468
9442
18667
11947
20431
54960
36021
53048
24647
62478
26790
53511
38701
25199
45962
4503
38145
33465
60511
51733
47677
2834
3006
24791
55310
42642
17993
19990
37797
2888
468
21133
53925
17778
35570
28190
57205
30402
47286
37254
59961
16242
23706
38957
54469
36269
23927
35147
45073
5179
45562
49456
13753
11287
8591
30683
47933
15159
3766
6219
25715
52890
25332
12154
41363
41902
38872
471
39346
46799
24979
26045
63112
46842
35620
40955
28696
45959
33290
10316
28960
33885
1044
24028
38248
61895
34215
62193
39993
29468
42450
51625
39223
1259
20485
60905
48874
62710
46463
35099
32459
1426
51929
3746
64714
14356
27800
23337
60984
16410
14530
12362
2126
50431
53075
59648
40686
27867
53288
48347
9105
19026
7993
40828
56395
54639
51073
10897
38451
38172
5725
59845
53984
7070
5268
25842
12591
55860
29682
60604
43897
36820
119
13262
62404
499
1832
21085
22312
9778
23159
54763
26335
40209
20868
52039
21966
8854
33827
20538
52884
34463
3628
44049
44780
34097
51482
26060
58278
64598
26568
29462
51892
6801
30058
51175
24863
9142
27394
4826
55217
54053
58770
53481
21615
34741
20417
37963
61285
44973
23415
2021
51381
6118
34717
867
15049
8470
48098
48670
6145
38768
7226
40953
60811
13236
30808
21204
59336
14119
52353
64460
3426
16099
53597
3329
38879
19375
33760
1554
41212
7028
19821
1527
46493
44410
15113
1043
4148
5239
47442
21258
55056
22002
3558
7577
13733
57152
18059
30636
7264
14917
22182
29504
57305
59593
25846
11433
30656
14731
59944
44025
18058
12217
50415
46181
50843
12605
9766
34359
18120
46011
34709
18260
47309
61502
24025
16543
3831
15349
749
40714
32025
52711
22021
40262
16883
55232
43015
18828
11319
8160
60841
55738
32464
1522
35179
14810
63009
42665
50357
13674
43272
57441
47210
64972
10100
20000
44673
34616
17155
614
12313
7349
14110
19574
505
62010
43862
8850
19738
25974
11939
48975
26029
245
4896
32984
57710
24036
59818
25606
35382
19867
37466
23512
52215
39091
56236
60748
24992
25884
54551
39191
39789
29261
17653
50600
50899
49679
31469
44361
11494
38974
572
50044
13353
37821
26648
39679
26157
51742
27804
28837
7321
34003
62993
36698
9371
30253
4520
3285
46908
56473
10133
15764
14623
12017
26075
24376
37137
9368
49774
39813
53926
31403
62901
49414
1330
62494
30572
2673
2080
10329
1064
34842
53234
41475
3942
18627
19393
10659
63300
7592
19861
25756
59953
49804
29002
60398
28206
